name	total_length	number	mean_length	longest	shortest	N_count	Gaps	N50	N50n	N70	N70n	N90	N90n
ESC_AA7971AA_AS	5131083	394	13023.05	502766	86	723	2	175567	8	114687	16	37743	27
ESC_AA9421AA_AS	5256780	135	38939.11	527776	82	373	4	348608	6	135380	12	48349	25
ESC_BA0967AA_AS	5060279	110	46002.54	768587	89	1241	8	412067	4	219951	8	50989	17
ESC_BA1000AA_AS	5116201	110	46510.92	653322	78	420	7	229460	7	171047	13	61597	21
ESC_BA1242AA_AS	4959656	90	55107.29	528815	83	820	9	182283	7	152970	13	45870	23
ESC_BA1451AA_AS	5127194	197	26026.37	754076	82	356	6	246237	7	124088	13	31082	27
ESC_BA2267AA_AS	5295487	203	26086.14	630898	80	360	6	186535	9	79391	19	30525	42
ESC_BA2574AA_AS	5131443	128	40089.40	658396	78	739	14	175923	9	121976	16	55623	27
ESC_BA3061AA_AS	5060984	133	38052.51	475063	76	0	0	185937	9	163697	14	49407	25
ESC_BA3227AA_AS	4976243	123	40457.26	812502	80	1243	11	171592	9	109060	16	44366	32
ESC_BA3967AA_AS	5025537	93	54038.03	658670	78	680	6	286193	6	173837	10	55623	18
ESC_BA4108AA_AS	5139043	97	52979.82	625677	128	503	7	352506	6	161732	11	44137	20
ESC_BA4389AA_AS	5110115	154	33182.56	504471	84	464	6	194201	9	125748	16	33553	32
ESC_BA5185AA_AS	5100296	113	45135.36	485617	86	689	8	264142	7	138821	13	62535	23
ESC_BA5541AA_AS	5132446	136	37738.57	621197	82	362	2	203502	7	114690	14	48013	27
ESC_BA6731AA_AS	5102711	170	30015.95	430383	78	449	4	203908	8	144873	14	34077	29
ESC_BA7454AA_AS	5195344	89	58374.65	626786	128	383	22	221596	8	129558	14	47499	27
ESC_BA7761AA_AS	5109614	88	58063.80	669791	86	447	4	267959	5	123909	11	74238	20
ESC_BA8039AA_AS	5280553	264	20002.09	378370	88	24	3	114575	13	59711	25	22418	53
ESC_BA8085AA_AS	5141943	106	48508.90	765521	95	654	6	563794	4	175985	9	53820	18
ESC_BA8137AA_AS	5286889	258	20491.82	622833	88	847	17	192043	9	112987	16	29963	34
ESC_BA8190AA_AS	5064459	129	39259.37	463954	76	444	6	181186	10	121972	16	41578	31
ESC_BA8258AA_AS	5153446	183	28160.91	486921	86	110	2	160697	10	97307	18	28374	38
ESC_BA8511AA_AS	5504113	169	32568.72	687522	90	377	4	222284	7	109908	14	35569	30
ESC_CA0637AA_AS	5065356	243	20845.09	222804	74	1462	8	88825	19	46881	34	19009	66
ESC_CA0677AA_AS	5131431	211	24319.58	425080	90	1021	16	186055	9	105138	16	30976	33
ESC_CA0894AA_AS	5367883	242	22181.33	368900	86	897	6	174187	11	105875	19	29942	37
ESC_CA0987AA_AS	5025551	159	31607.24	591887	90	384	5	347101	6	176302	10	88093	18
ESC_CA1134AA_AS	5133139	136	37743.67	657510	88	1396	11	262736	6	176098	11	43844	22
ESC_CA1554AA_AS	4976864	200	24884.32	577547	90	1799	13	257329	6	137754	11	30702	25
ESC_CA2031AA_AS	5125943	198	25888.60	552838	102	961	7	187437	8	133344	14	32123	29
ESC_CA2085AA_AS	5167084	229	22563.69	570801	88	954	6	267753	7	159300	12	28323	27
ESC_CA2243AA_AS	5007332	101	49577.54	497339	98	0	0	176237	9	129178	15	43200	28
ESC_CA2638AA_AS	5227828	258	20262.90	571714	90	663	8	267670	7	144709	13	27613	26
ESC_CA2654AA_AS	5102615	204	25012.82	598337	88	415	11	285514	6	171069	11	43270	23
ESC_CA2708AA_AS	5092401	212	24020.76	460112	97	1514	12	203931	8	129976	15	27833	31
ESC_CA2713AA_AS	5191170	192	27037.34	563428	82	2237	26	261134	7	171037	12	44389	23
ESC_CA2823AA_AS	4970729	183	27162.45	580456	90	382	5	269951	7	158768	11	34966	22
ESC_CA3069AA_AS	5190929	278	18672.41	513331	88	1123	20	175936	9	142781	15	30975	29
ESC_CA3085AA_AS	4967238	229	21691.00	268848	76	455	4	100952	16	60928	29	27484	53
ESC_CA3089AA_AS	5242278	201	26080.99	622991	90	1962	10	203935	7	132053	14	31923	28
ESC_CA3176AA_AS	5196008	191	27204.23	611730	102	1447	11	229488	7	160711	12	32117	25
ESC_CA3553AA_AS	5489188	375	14637.83	565057	88	1178	16	174347	9	106421	17	19299	40
ESC_CA3698AA_AS	5058693	186	27197.27	390595	95	941	6	174860	11	123500	17	25701	35
ESC_CA4056AA_AS	5247156	193	27187.34	441866	92	479	6	307677	7	158772	12	29933	27
ESC_CA4172AA_AS	5212578	155	33629.54	574509	88	284	5	267697	7	144594	13	39437	25
ESC_CA4203AA_AS	5145852	259	19868.15	472423	88	450	17	182256	9	114240	16	30024	31
ESC_CA4416AA_AS	5023355	191	26300.29	578856	88	1757	20	203925	8	124612	14	30123	31
ESC_CA4774AA_AS	5255565	199	26409.87	563784	94	566	8	267236	7	129450	13	44006	25
ESC_CA4830AA_AS	5125850	109	47026.15	764138	82	1432	8	411768	5	178019	8	92782	15
ESC_CA4887AA_AS	5116725	147	34807.65	417489	88	470	4	192290	8	160999	14	44461	25
ESC_CA4893AA_AS	5374515	294	18280.66	371149	90	827	7	186576	10	110155	18	21507	43
ESC_CA5088AA_AS	5126769	195	26291.12	490712	90	258	6	225476	8	120897	15	32101	32
ESC_CA5131AA_AS	5097537	110	46341.25	664777	95	380	4	360253	5	171753	10	44636	19
ESC_CA5222AA_AS	5133651	137	37471.91	576927	93	376	5	200439	7	143997	13	44516	25
ESC_CA5420AA_AS	5059780	90	56219.78	763828	90	357	5	563740	4	191127	8	67071	16
ESC_CA5467AA_AS	5182473	189	27420.49	588495	99	634	9	214649	7	165576	13	32116	25
ESC_CA5548AA_AS	5034854	310	16241.46	604830	88	2462	21	174859	9	111998	16	19894	36
ESC_CA5584AA_AS	5159897	379	13614.50	221768	88	7	1	58156	26	32430	50	9214	107
ESC_CA5697AA_AS	5129825	185	27728.78	574154	88	604	12	281332	6	161323	12	34954	24
ESC_CA5710AA_AS	5307280	219	24234.16	588484	94	467	7	347188	6	138115	11	36625	24
ESC_CA5916AA_AS	5027246	188	26740.67	582315	82	924	12	225250	7	153200	13	31081	27
ESC_CA5933AA_AS	5041330	106	47559.72	686900	232	369	2	203930	6	158772	12	43676	20
ESC_CA6119AA_AS	5324320	123	43287.15	625453	128	381	21	204006	7	147456	13	34982	25
ESC_CA6132AA_AS	5130201	211	24313.75	370688	90	838	27	175296	10	119341	17	32439	34
ESC_CA6171AA_AS	5201717	149	34910.85	528979	78	440	2	171578	9	115739	17	32093	30
ESC_CA6221AA_AS	5118048	233	21965.87	588359	88	91	5	203926	8	129211	14	32111	27
ESC_CA6245AA_AS	5137684	191	26898.87	486056	86	1369	16	185943	9	122775	16	32084	31
ESC_CA6287AA_AS	5021669	173	29026.99	578932	93	377	4	237060	7	124806	13	32116	27
ESC_CA6295AA_AS	5160993	105	49152.31	691018	95	367	4	267671	6	121994	11	47373	24
ESC_CA6692AA_AS	5139393	96	53535.34	610267	92	382	4	188399	9	139232	15	33617	30
ESC_CA6770AA_AS	5311951	128	41499.62	339139	86	300	3	154216	13	100162	22	34020	40
ESC_CB2269AA_AS	5112943	158	32360.40	538677	103	310	4	256636	7	136916	12	37456	25
ESC_CB2297AA_AS	5189660	97	53501.65	671023	158	400	4	358080	5	246086	9	55647	16
ESC_CB2309AA_AS	5215067	241	21639.28	808756	98	200	2	240010	7	129209	14	27560	31
ESC_CB2317AA_AS	5204541	128	40660.48	590074	131	0	0	175980	9	122097	15	46422	28
ESC_CB2345AA_AS	4988280	140	35630.57	802012	118	100	1	239936	7	146403	12	33440	25
ESC_CB2384AA_AS	5111053	156	32763.16	586639	129	480	6	357979	6	197321	10	32116	21
ESC_CB2447AA_AS	5160942	157	32872.24	590074	90	120	3	172947	8	129612	14	30054	30
ESC_CB2459AA_AS	5207909	210	24799.57	412351	90	100	1	170656	10	116292	17	31006	33
ESC_CB7223AA_AS	5390246	154	35001.60	754366	157	120	3	160482	9	114514	17	30043	33
ESC_CB8726AA_AS	5221474	69	75673.54	733968	383	210	3	294740	6	181063	10	97650	18
ESC_CB8729AA_AS	4983762	65	76673.26	621551	244	209	1	281055	6	201687	11	113860	17
ESC_CB8822AA_AS	5078407	81	62696.38	865126	179	0	0	229173	6	137565	11	44878	20
ESC_CB8832AA_AS	5300913	67	79118.10	1435608	197	20	2	451986	3	268649	6	80909	13
ESC_CB8888AA_AS	5221370	102	51189.90	876937	138	0	0	359528	6	202041	10	67870	18
ESC_CB8931AA_AS	5212934	83	62806.43	886282	235	100	1	356910	6	170018	11	70672	19
ESC_CB9097AA_AS	5115242	60	85254.03	774947	234	10	1	443669	5	204008	8	67259	15
ESC_CB9169AA_AS	5175561	55	94101.11	824666	169	232	2	453882	4	261647	8	145361	13
ESC_FA1638AA_AS	5010312	275	18219.32	572814	88	150	12	189545	8	109530	15	29963	33
ESC_FA6906AA_AS	5184421	101	51330.90	621863	128	745	20	268775	6	117056	13	41597	25
ESC_FA6908AA_AS	5278766	59	89470.61	1036298	117	381	23	359701	4	177538	9	82642	16
ESC_FA7190AA_AS	5025267	134	37501.99	807719	90	378	4	264350	6	165985	11	39098	23
ESC_FA8050AA_AS	5208880	104	50085.38	804617	68	901	26	217358	7	134622	14	43628	27
ESC_FB3739AA_AS	5344091	133	40181.14	608750	174	10	1	192311	9	129264	15	34939	30
ESC_FB7924AA_AS	5068656	81	62576.00	865020	237	0	0	326532	6	180220	10	44878	19
ESC_FB9215AA_AS	5456344	112	48717.36	506332	251	10	1	268364	7	126279	12	52294	24
ESC_FB9587AA_AS	5022820	106	47385.09	809008	128	100	1	233339	6	145282	12	38226	24
ESC_FB9640AA_AS	5420841	143	37907.98	623180	182	10	1	192014	8	160658	14	33402	28
ESC_FB9641AA_AS	5125782	73	70216.19	704066	260	97	1	351664	5	178932	9	100797	17
ESC_FB9675AA_AS	5225329	129	40506.43	641784	136	300	3	274622	6	113828	13	40356	28
ESC_FB9847AA_AS	5051317	48	105235.77	766074	239	142	2	573946	4	230127	8	129193	13
ESC_GA5350AA_AS	5226493	273	19144.66	175049	128	356	20	56198	28	35320	51	10515	104
ESC_GA5351AA_AS	5055124	118	42840.03	304347	128	338	10	115711	14	72449	25	31032	46
ESC_GA8819AA_AS	5154942	154	33473.65	717997	88	555	6	271800	7	160453	12	44785	24
ESC_GA8857AA_AS	5058432	150	33722.88	479621	88	474	5	186024	9	129146	16	31459	32
ESC_GA9224AA_AS	5138232	222	23145.19	208828	88	485	5	82881	21	49871	37	17716	68
ESC_GA9272AA_AS	5068878	109	46503.47	842398	90	369	4	240363	6	129216	12	38151	25
ESC_GB3527AA_AS	5402314	157	34409.64	552652	249	0	0	237980	8	132193	14	30043	31
ESC_GB3799AA_AS	5327521	134	39757.62	654615	136	0	0	352132	6	161327	11	41597	21
ESC_GB3897AA_AS	5413198	102	53070.57	788933	241	100	1	227500	6	169551	11	37989	25
ESC_GB3934AA_AS	5143614	56	91850.25	1217675	255	100	1	359488	4	200638	7	87105	14
ESC_GB5978AA_AS	5171395	92	56210.82	774200	231	0	0	271686	7	160789	12	67243	21
ESC_GB6068AA_AS	5140073	75	68534.31	621579	217	0	0	230175	7	144152	12	51390	22
ESC_GB6087AA_AS	5508099	152	36237.49	477559	207	137	2	172093	11	119025	18	27397	41
ESC_GB6457AA_AS	5039512	180	27997.29	380891	150	207	2	121216	14	80554	24	18116	50
ESC_GB6463AA_AS	5238302	199	26323.13	354371	154	0	0	100953	16	68547	28	25317	54
ESC_GB6540AA_AS	5275399	268	19684.32	187655	122	391	4	105725	20	53338	33	18565	65
ESC_GB6614AA_AS	5022071	99	50727.99	622346	162	1068	13	248713	7	152567	13	49404	23
ESC_GB6618AA_AS	5099511	96	53119.91	646179	146	126	2	373970	6	175295	10	46846	22
ESC_GB6690AA_AS	5130547	95	54005.76	601290	128	460	5	282244	7	152553	12	60155	21
ESC_GB6695AA_AS	5026176	203	24759.49	581653	103	431	4	203920	9	135360	15	28234	32
ESC_GB6696AA_AS	5136284	123	41758.41	663788	89	1627	9	282234	6	129224	11	43683	23
ESC_GB6889AA_AS	5191567	88	58995.08	631432	202	10	1	316029	7	178067	11	53691	19
ESC_GB6892AA_AS	4905051	77	63701.96	466816	138	100	1	243492	7	201434	12	50292	20
ESC_GB6898AA_AS	5115713	141	36281.65	406333	129	0	0	219068	9	113216	15	32152	30
ESC_GB6899AA_AS	5169576	84	61542.57	781178	156	0	0	372909	5	233579	8	62770	16
ESC_GB6901AA_AS	5236847	84	62343.42	458852	202	110	2	244267	8	161057	13	58939	23
ESC_GB6906AA_AS	5240772	93	56352.39	621632	199	0	0	194841	8	118498	14	49568	28
ESC_GB6943AA_AS	5362647	120	44688.72	633050	150	20	2	250605	8	129299	14	50324	28
ESC_GB6953AA_AS	5069176	54	93873.63	800548	179	0	0	368143	4	171775	9	92031	16
ESC_GB9758AA_AS	5141363	91	56498.49	806740	227	0	0	268796	6	174844	11	38226	22
ESC_GB9956AA_AS	5222486	79	66107.42	627034	255	100	1	268775	7	144196	12	50107	24
ESC_HA0198AA_AS	5234431	79	66258.62	896889	128	430	11	342527	5	204008	8	52342	17
ESC_HA0238AA_AS	5429111	200	27145.56	416093	128	1646	28	137482	11	90709	21	27009	43
ESC_HA0246AA_AS	5196351	175	29693.43	585872	131	300	3	114723	12	70380	24	29321	45
ESC_HA0364AA_AS	5274933	110	47953.94	733237	90	537	3	178682	8	131282	15	30984	29
ESC_HA0689AA_AS	5168959	430	12020.83	417402	74	1729	58	129172	11	88827	20	24236	42
ESC_HA1968AA_AS	5212492	140	37232.09	835555	90	284	5	185531	7	129426	14	32107	30
ESC_HA2055AA_AS	5006171	171	29275.85	289301	82	1249	8	113203	14	66019	24	22072	51
ESC_HA4979AA_AS	5314276	77	69016.57	822326	128	358	3	515527	4	268456	7	76507	15
ESC_HA5006AA_AS	5228278	66	79216.33	933778	128	418	5	389918	5	204006	9	101972	17
ESC_HA5023AA_AS	5330688	73	73023.12	631616	128	319	5	360324	6	178119	10	84666	18
ESC_HA5031AA_AS	5191751	60	86529.18	896839	128	418	5	360233	5	178280	8	88000	17
ESC_HA5037AA_AS	5177328	125	41418.62	467874	128	406	4	200992	8	140214	15	41597	27
ESC_HA5043AA_AS	5105885	71	71913.87	764256	128	414	7	360506	5	178116	9	51659	19
ESC_HA5076AA_AS	5054791	107	47241.04	834424	129	411	6	204009	7	148205	13	40406	26
ESC_HA5094AA_AS	5214918	75	69532.24	886479	128	414	4	286624	6	203914	9	63802	18
ESC_HA5098AA_AS	5199735	68	76466.69	764008	128	416	6	360313	5	178231	9	88664	17
ESC_HA5111AA_AS	5244928	106	49480.45	426048	128	320	5	244953	8	132133	14	51214	27
ESC_HA5117AA_AS	5080065	62	81936.53	764129	128	416	6	360546	5	178328	9	113724	16
ESC_HA5121AA_AS	5289608	79	66957.06	486071	128	406	3	213257	8	154412	14	83566	23
ESC_HA5136AA_AS	4944174	50	98883.48	480158	128	521	6	322760	7	194961	11	73122	18
ESC_HA5149AA_AS	5186066	102	50843.78	586692	128	503	4	269151	7	178117	11	41597	21
ESC_HA5153AA_AS	5220511	79	66082.42	597012	128	405	3	295699	7	162320	12	90420	21
ESC_HA5174AA_AS	5227881	70	74684.01	886718	128	418	6	359489	5	203915	8	87153	16
ESC_HA5557AA_AS	5222439	189	27631.95	606245	128	1567	14	195354	8	116271	15	33400	29
ESC_HA5565AA_AS	5210966	343	15192.32	392302	128	3432	38	125531	14	68379	26	24139	51
ESC_HA5568AA_AS	5233531	188	27837.93	484387	128	1564	14	227590	8	95136	15	39147	32
ESC_HA5570AA_AS	5380672	216	24910.52	632084	128	1266	22	243579	7	129265	13	32195	30
ESC_HA5572AA_AS	5243449	216	24275.23	432038	128	2422	28	168662	11	95137	18	35418	36
ESC_HA5579AA_AS	5211277	168	31019.51	550852	128	1260	13	229729	7	147066	13	40672	29
ESC_HA5580AA_AS	5223730	152	34366.64	613134	128	1139	13	263963	7	134543	13	49694	25
ESC_HA5591AA_AS	5215703	476	10957.36	88262	128	7967	90	35637	50	22730	85	10180	149
ESC_HA5615AA_AS	5214436	351	14855.94	414068	131	4431	53	134431	13	87950	23	30512	42
ESC_HA5663AA_AS	5139153	254	20232.89	284725	128	4548	56	124843	14	68089	25	35988	44
ESC_HA5665AA_AS	5275936	412	12805.67	399534	128	5231	60	144337	13	86639	23	15790	49
ESC_HA5683AA_AS	5229282	303	17258.36	300427	128	3800	41	110808	16	71038	28	19579	52
ESC_HA5800AA_AS	5199166	130	39993.58	452356	90	639	6	203930	9	129430	15	44621	28
ESC_HA6332AA_AS	5470707	151	36229.85	491049	90	360	1	210720	8	141693	14	28972	32
ESC_HA6342AA_AS	5405498	184	29377.71	687714	90	381	5	323079	6	143587	13	25480	31
ESC_HA6411AA_AS	5210025	130	40077.12	500014	88	372	5	259101	7	144704	13	37563	25
ESC_HA6413AA_AS	5311823	165	32192.87	609367	90	380	5	203930	7	130168	14	24394	33
ESC_HA6418AA_AS	5392049	157	34344.26	687241	88	379	6	323075	6	129426	13	31923	30
ESC_HA6420AA_AS	5433061	161	33745.72	625597	88	374	4	187195	9	132041	16	31090	31
ESC_HA7812AA_AS	5178132	118	43882.47	430785	128	373	3	183619	11	117541	18	30126	36
ESC_HA7918AA_AS	5142440	93	55295.05	295653	128	528	2	145965	12	90732	20	35990	38
ESC_HA7931AA_AS	5243209	117	44813.75	459519	119	324	4	159586	11	114640	19	34435	34
ESC_HA8230AA_AS	5209181	141	36944.55	286470	126	289	6	108869	17	71975	28	30946	52
ESC_HA8271AA_AS	5003313	95	52666.45	350396	128	378	4	151552	12	98796	20	42518	34
ESC_HA8279AA_AS	5131717	127	40407.22	630516	118	52	4	216756	8	154950	13	44688	26
ESC_HA8369AA_AS	5501297	156	35264.72	921927	124	260	6	184576	8	116616	16	30551	34
ESC_HA8540AA_AS	5107937	118	43287.60	491475	116	378	4	174142	9	128748	15	31009	29
ESC_HA9073AA_AS	5021467	61	82319.13	623802	126	0	0	216811	7	164194	12	50687	22
ESC_HB0486AA_AS	5264587	82	64202.28	563793	136	210	3	282515	7	194594	11	43067	21
ESC_HB8007AA_AS	5384670	238	22624.66	325627	202	200	2	87512	18	43263	36	15669	73
ESC_HB8577AA_AS	5263654	207	25428.28	564318	128	300	3	200988	8	123646	14	31060	32
ESC_IA0801AA_AS	5257410	211	24916.64	417796	88	2561	38	177665	9	135770	15	43801	27
ESC_IA0804AA_AS	5212449	141	36967.72	625387	88	373	4	204877	7	144337	13	44629	24
ESC_IA0811AA_AS	5323253	198	26885.12	636411	88	289	8	203926	7	129419	13	30971	31
ESC_IA0816AA_AS	5253617	150	35024.11	665153	88	2326	29	383834	5	171607	10	48368	19
ESC_IA1449AA_AS	5103644	74	68968.16	497231	90	10	1	268873	7	173592	12	60219	21
ESC_IA2216AA_AS	5135312	89	57700.13	673651	116	285	6	282249	7	162290	12	67235	20
ESC_IA2220AA_AS	5182575	96	53985.16	602498	116	297	7	282308	7	132545	12	71476	22
ESC_IA2221AA_AS	5061964	80	63274.55	768762	116	368	4	358821	5	178092	9	51879	19
ESC_IA2225AA_AS	5031904	93	54106.49	630145	112	285	6	188273	7	136031	13	54323	22
ESC_IA2226AA_AS	5106884	124	41184.55	632513	112	0	0	226018	7	158273	13	50848	23
ESC_IA2233AA_AS	5074049	65	78062.29	891130	126	505	6	407132	5	178112	9	54265	17
ESC_IA2239AA_AS	5337152	77	69313.66	661283	122	387	5	203996	7	129657	13	46092	25
ESC_IA2257AA_AS	5092300	77	66133.77	563497	114	291	9	282245	7	171860	11	90039	19
ESC_IA2262AA_AS	5144827	102	50439.48	500197	114	1178	12	196584	9	113825	16	37685	31
ESC_IA2264AA_AS	5158925	119	43352.31	592309	114	0	0	282192	7	158554	12	54331	22
ESC_IA2269AA_AS	5338948	218	24490.59	420911	127	376	3	162802	11	119895	19	24547	40
ESC_IB6001AA_AS	5167936	106	48754.11	793756	234	53	1	183235	8	148418	14	41597	26
ESC_IB6595AA_AS	5098296	94	54237.19	475244	181	139	2	203914	8	136178	14	43954	25
ESC_IB6619AA_AS	5240157	68	77061.13	491452	445	476	5	282220	8	162291	13	61164	22
ESC_IB6797AA_AS	5271235	143	36861.78	358917	155	110	2	204008	9	121081	15	37402	29
ESC_IB7362AA_AS	5199751	88	59088.08	763905	103	286	3	355098	5	181149	9	103873	17
ESC_IB7375AA_AS	4973033	87	57161.30	728891	173	0	0	268937	6	174844	11	42761	20
ESC_IB7386AA_AS	5098033	104	49019.55	513465	209	100	1	261732	7	147863	13	47920	23
ESC_IB7413AA_AS	5019195	90	55768.83	751199	173	100	1	268788	6	183536	10	46498	19
ESC_IB7420AA_AS	5223492	135	38692.53	662199	106	0	0	267675	6	116902	13	49618	25
ESC_IB7431AA_AS	5156303	80	64453.79	886206	106	200	2	358036	5	175289	9	53781	18
ESC_IB7433AA_AS	5222675	64	81604.30	1265065	245	302	3	360398	4	177705	8	88664	15
ESC_IB7438AA_AS	5122131	43	119119.33	1261923	239	200	2	482202	3	203914	7	113712	13
ESC_IB7443AA_AS	5215305	116	44959.53	686922	107	100	1	355937	6	203929	9	50855	18
ESC_IB7449AA_AS	5076855	90	56409.50	809179	104	150	3	360157	5	230442	8	55336	16
ESC_IB7459AA_AS	5129622	70	73280.31	770668	173	300	3	360226	5	203914	8	76093	16
ESC_IB7463AA_AS	5214943	78	66858.24	768395	225	201	9	263476	7	177500	11	44476	21
ESC_IB7465AA_AS	5233152	175	29903.73	825221	179	86	1	180782	8	113706	15	24277	37
ESC_IB7469AA_AS	5037748	88	57247.14	703296	126	0	0	269271	6	159000	11	45756	21
ESC_IB7473AA_AS	5186083	61	85017.75	903360	179	100	1	458337	4	203914	8	88664	15
ESC_IB7486AA_AS	5087330	72	70657.36	766801	194	200	2	353640	5	168248	9	49694	19
ESC_IB7490AA_AS	5158169	72	71641.24	653449	239	210	3	332120	6	204013	9	113279	16
ESC_IB7499AA_AS	5215805	91	57316.54	546268	283	0	0	211154	9	127668	15	44658	29
ESC_IB7516AA_AS	5206333	117	44498.57	799367	234	0	0	284271	5	174934	10	35692	18
ESC_IB7517AA_AS	5107906	74	69025.76	660482	179	200	2	278345	6	129322	12	74945	22
ESC_IB7519AA_AS	5120778	61	83947.18	843430	171	100	1	353923	5	204007	9	90004	16
ESC_IB7523AA_AS	5202911	85	61210.72	660209	104	632	7	360269	6	177840	10	59634	18
ESC_IB7528AA_AS	5182694	52	99667.19	1264866	173	110	2	458337	3	203914	7	129280	13
ESC_IB7529AA_AS	5181858	96	53977.69	707575	265	100	1	320537	6	141365	11	43051	22
ESC_IB7531AA_AS	5065663	59	85858.69	886533	183	100	1	458414	4	204007	8	113840	14
ESC_IB7532AA_AS	5200793	95	54745.19	789599	234	100	1	282235	5	164117	9	54338	18
ESC_IB7542AA_AS	5209747	74	70401.99	682416	170	100	1	358039	6	203914	11	102579	18
ESC_IB7548AA_AS	5055555	80	63194.44	614821	126	273	3	357984	5	160136	9	64324	18
ESC_IB7561AA_AS	5107805	47	108676.70	1265065	239	200	2	360398	4	203914	7	113301	14
ESC_IB7571AA_AS	5538279	114	48581.39	801964	99	40	1	358209	5	186274	10	50613	21
ESC_IB7572AA_AS	5109338	61	83759.64	834983	142	407	10	405870	5	238006	9	57413	16
ESC_IB7574AA_AS	5090093	66	77122.62	1221108	173	0	0	360383	4	180130	8	76093	16
ESC_IB7576AA_AS	5113456	118	43334.37	621487	101	287	3	240494	6	162243	11	41699	23
ESC_IB7582AA_AS	5176120	111	46631.71	621870	232	100	1	240772	7	138212	12	53301	22
ESC_IB7591AA_AS	5098459	102	49984.89	551221	97	103	2	235251	8	113443	13	51677	25
ESC_IB7597AA_AS	5113361	153	33420.66	702560	120	110	2	276892	6	173294	10	52471	21
ESC_IB7604AA_AS	5133579	91	56412.96	621870	194	200	2	268734	6	168827	11	53301	22
ESC_IB7609AA_AS	5073412	55	92243.85	825210	229	54	2	310329	6	193087	10	64135	17
ESC_IB7611AA_AS	5164775	74	69794.26	972869	178	0	0	267675	6	160214	10	59764	19
ESC_IB7615AA_AS	5066875	57	88892.54	770319	174	200	2	360223	5	220338	8	113456	15
ESC_IB7625AA_AS	4971151	86	57804.08	770720	129	0	0	204003	7	151653	13	58046	21
ESC_IB7630AA_AS	5047775	59	85555.51	663754	162	75	3	281911	6	203805	10	103279	17
ESC_IB7632AA_AS	5252494	181	29019.30	515478	120	110	2	191762	7	109194	15	33455	31
ESC_IB7635AA_AS	5094570	66	77190.45	687181	209	100	1	268775	6	144210	11	65535	20
ESC_IB7639AA_AS	5157801	125	41262.41	577639	106	0	0	182464	8	129246	15	32116	29
ESC_IB7649AA_AS	5146207	72	71475.10	1257774	165	238	3	360571	4	204008	7	102579	15
ESC_IB7656AA_AS	5071212	87	58289.79	674091	106	253	2	346030	6	193416	10	67071	17
ESC_IB7668AA_AS	5042840	51	98879.22	774379	236	100	1	360347	5	204013	8	113283	15
ESC_IB7669AA_AS	5121020	83	61699.04	551611	171	0	0	230297	8	118720	15	51223	25
ESC_IB7673AA_AS	5261377	105	50108.35	752013	194	0	0	279456	6	116332	12	40856	25
ESC_IB7676AA_AS	5083996	74	68702.65	612138	159	140	3	326028	6	252701	9	56698	18
ESC_IB7682AA_AS	5126269	64	80097.95	774100	106	348	3	360153	5	226220	8	113200	15
ESC_IB7683AA_AS	5296680	71	74601.13	808770	99	0	0	340069	5	203931	9	109167	16
ESC_IB7686AA_AS	5055466	75	67406.21	766994	162	98	5	399979	5	160452	8	56668	16
ESC_IB7693AA_AS	5164268	94	54939.02	651784	106	200	2	266464	6	129222	11	51347	21
ESC_IB7708AA_AS	5123217	62	82632.53	1264797	179	191	2	458122	3	203901	7	113493	13
ESC_IB7712AA_AS	5126164	71	72199.49	933754	182	110	2	360220	5	184422	9	83250	16
ESC_IB7713AA_AS	5172461	109	47453.77	764024	165	100	1	360565	5	177704	9	54354	18
ESC_IB7718AA_AS	5123095	47	109002.02	886594	170	200	2	604564	4	230056	7	106635	13
ESC_IB7720AA_AS	5181323	133	38957.32	613495	95	100	1	263880	6	120134	12	49618	23
ESC_IB7723AA_AS	5238451	163	32137.74	363993	106	352	3	238257	9	119992	15	34176	34
ESC_IB7726AA_AS	5183602	77	67319.51	631580	182	200	2	204006	7	161652	13	83258	21
ESC_IB7731AA_AS	5330929	121	44057.26	690710	102	200	2	281177	6	177627	11	55647	20
ESC_IB7732AA_AS	5070181	100	50701.81	621670	126	200	2	207626	7	150899	12	35615	25
ESC_IB7738AA_AS	5082422	55	92407.67	763937	239	200	2	360285	5	203914	8	113166	15
ESC_IB7742AA_AS	5086334	77	66056.29	457506	211	200	2	195426	9	122239	15	51412	28
ESC_IB7745AA_AS	5200067	110	47273.34	518881	165	100	1	194589	9	147862	15	35691	28
ESC_IB8255AA_AS	5039759	59	85419.64	491364	239	300	3	283232	7	150387	12	102579	20
ESC_IB8355AA_AS	5194784	117	44399.86	495754	211	291	3	244081	8	117057	13	32193	26
ESC_IB9074AA_AS	5094694	93	54781.66	744671	165	0	0	204004	7	156568	13	33414	28
ESC_JA3774AA_AS	5109509	121	42227.35	625491	93	548	7	238356	7	124208	13	30657	27
ESC_JA3853AA_AS	5210668	188	27716.32	632077	90	969	5	263705	7	131892	13	31309	28
ESC_JA3948AA_AS	4984132	78	63899.13	496330	90	300	8	357762	6	177476	10	113372	17
ESC_JA4010AA_AS	5274498	158	33382.90	445191	90	423	8	238971	8	148930	14	46600	26
ESC_JA4488AA_AS	5091031	89	57202.60	453519	266	10	1	192020	9	113191	16	49576	28
ESC_JA4566AA_AS	5207983	158	32961.92	625178	93	923	11	264072	7	131999	13	36366	25
ESC_JA4581AA_AS	5047087	116	43509.37	407164	90	381	4	203930	8	129167	14	30127	31
ESC_JA4609AA_AS	5104415	116	44003.58	411947	84	374	4	211775	9	129210	14	34052	29
ESC_JA4751AA_AS	5038547	101	49886.60	618152	90	448	11	274442	7	175283	11	31133	25
ESC_JA4785AA_AS	5126583	167	30698.10	686530	90	710	4	175799	9	113063	16	32115	33
ESC_JA5133AA_AS	4931463	96	51369.41	591804	90	405	5	294089	7	155910	11	84483	19
ESC_JA7639AA_AS	4987784	82	60826.63	885877	90	714	10	357937	5	184628	9	84483	16
ESC_JA8124AA_AS	5529871	492	11239.58	279971	90	2795	11	98590	18	49248	34	10683	78
ESC_JA8284AA_AS	5120320	154	33248.83	574857	90	404	6	261597	7	126733	13	28322	29
ESC_JA8368AA_AS	5232988	222	23572.02	571434	90	449	11	173578	11	98837	19	27612	37
ESC_JA9326AA_AS	5070622	190	26687.48	547459	90	373	3	191719	8	125830	14	31216	28
ESC_JA9945AA_AS	5076518	145	35010.47	509812	90	373	7	263882	7	145336	13	51373	23
ESC_JB5829AA_AS	5076891	42	120878.36	886474	239	0	0	458199	4	282161	7	132275	12
ESC_JB8253AA_AS	5226810	107	48848.69	328985	128	0	0	174844	12	128510	19	41888	32
ESC_JB8357AA_AS	5198763	128	40615.34	861725	175	91	1	229146	7	137174	13	36177	27
ESC_JB8358AA_AS	5173834	129	40107.24	861725	200	0	0	269072	6	172899	11	40005	22
ESC_JB8359AA_AS	5213133	117	44556.69	498023	191	100	1	269064	7	178116	12	41729	23
ESC_JB9522AA_AS	5101334	88	57969.70	698442	200	58	1	369411	5	177394	10	68017	18
ESC_JB9585AA_AS	5237581	139	37680.44	602138	174	20	2	268098	8	181807	12	32061	26
ESC_KA0604AA_AS	5124986	183	28005.39	649122	88	303	8	270308	7	147534	12	32112	24
ESC_KA0652AA_AS	5178247	115	45028.23	567233	90	20	2	186090	7	119180	14	32384	28
ESC_KA0889AA_AS	5212068	148	35216.68	304394	86	50	5	133063	13	72392	23	30119	45
ESC_KA1451AA_AS	5059470	133	38041.13	612136	88	398	5	235574	7	176016	12	31791	27
ESC_KA1594AA_AS	5118421	160	31990.13	471965	90	386	4	261597	8	131338	13	32002	29
ESC_KA3859AA_AS	5125752	167	30693.13	510266	90	295	4	225408	8	144897	13	28100	28
ESC_KA4244AA_AS	5230300	194	26960.31	571815	95	1621	15	167798	11	95542	19	28952	38
ESC_KA4597AA_AS	4982492	94	53005.23	808704	90	307	8	268586	6	144289	11	74633	20
ESC_KA4607AA_AS	5111413	153	33407.93	647599	93	329	10	273264	6	130726	11	41521	24
ESC_KA6867AA_AS	5118313	157	32600.72	649242	88	509	14	358240	5	175993	9	33149	23
ESC_KA9265AA_AS	5381564	100	53815.64	388699	128	377	4	174037	10	113288	18	38052	32
ESC_KA9267AA_AS	5378467	118	45580.23	485084	128	381	5	327452	7	152184	13	35828	26
ESC_KA9324AA_AS	5379671	108	49811.77	434434	128	377	4	170919	10	113741	17	37123	34
ESC_KA9597AA_AS	5379678	133	40448.71	564131	120	380	4	186153	9	132180	15	33694	31
ESC_KA9598AA_AS	5281212	118	44756.03	703723	116	1060	8	177370	7	114898	14	33741	29
ESC_KB3273AA_AS	5339447	247	21617.19	186663	252	0	0	79767	22	46260	40	14574	78
ESC_KB3274AA_AS	5352849	165	32441.51	458801	172	100	1	166730	10	98116	18	30040	36
ESC_KB3275AA_AS	5332914	229	23287.83	459037	248	100	1	75248	18	42259	38	13435	79
ESC_KB3276AA_AS	5349071	187	28604.66	464492	173	210	3	154092	12	79864	22	21644	48
ESC_KB3279AA_AS	5347678	227	23558.05	333544	143	100	1	104044	17	63936	30	19444	58
ESC_KB3281AA_AS	5057523	194	26069.71	351878	255	405	2	88770	17	54726	31	17760	59
ESC_KB3352AA_AS	5270909	243	21690.98	428063	131	152	2	143639	10	80180	19	19369	45
ESC_KB3369AA_AS	5325044	282	18883.13	208092	253	305	1	59064	26	34513	50	11588	101
ESC_KB3395AA_AS	5111501	341	14989.74	130764	324	110	2	34641	48	19806	87	8529	164
ESC_KB3408AA_AS	5117517	238	21502.17	327510	128	300	3	85720	19	41108	35	14723	74
ESC_KB3427AA_AS	5426069	219	24776.57	280982	252	200	2	101065	19	47362	34	16744	71
ESC_KB3428AA_AS	5311732	184	28868.11	450360	143	100	1	164568	11	108643	19	25498	38
ESC_KB3527AA_AS	5236097	251	20860.94	418172	136	0	0	105669	16	56229	29	21370	58
ESC_KB3783AA_AS	5266363	210	25077.92	270791	207	10	1	101868	16	65558	28	18080	55
ESC_KB3935AA_AS	5155141	139	37087.35	389892	151	92	2	135898	12	111289	20	26981	41
ESC_KB3958AA_AS	5042162	80	63027.03	585642	133	310	4	282505	7	154977	12	90135	20
ESC_KB3963AA_AS	5236750	200	26183.75	379506	185	300	3	151497	13	105623	21	23017	43
ESC_KB3965AA_AS	5344238	235	22741.44	447806	117	310	4	129457	13	73326	24	19502	53
ESC_KB3979AA_AS	5087717	115	44241.02	625907	130	200	2	232421	7	131948	13	33840	26
ESC_KB3986AA_AS	5017625	151	33229.30	287575	126	209	1	127575	15	88364	24	25017	48
ESC_KB4003AA_AS	5278829	183	28846.06	444249	200	0	0	155564	12	92254	21	24406	43
ESC_KB4030AA_AS	4966214	111	44740.67	382982	174	0	0	110069	12	72259	23	28640	46
ESC_KB4123AA_AS	5295490	276	19186.56	160619	130	0	0	53593	31	32520	57	10987	105
ESC_KB4146AA_AS	5257969	161	32658.19	583255	182	0	0	192285	9	109121	17	30043	36
ESC_KB4162AA_AS	5321626	179	29729.75	320893	215	0	0	109583	17	56024	29	20542	59
ESC_KB4192AA_AS	5080755	115	44180.48	799248	227	305	1	268796	6	166169	11	35577	22
ESC_KB4202AA_AS	5123179	181	28304.86	480599	128	277	4	238152	7	129196	13	32556	28
ESC_KB4692AA_AS	5245008	207	25338.20	431011	185	300	3	151390	12	84009	21	23021	44
ESC_KB9700AA_AS	5347575	137	39033.39	763470	172	200	2	204007	8	143639	14	34513	26
ESC_KB9703AA_AS	5038436	119	42339.80	853941	212	291	3	360259	6	174357	10	34705	22
ESC_KB9714AA_AS	5339194	130	41070.72	763358	172	100	1	260955	7	136599	13	32038	27
ESC_KB9715AA_AS	5283253	117	45156.01	775821	162	100	1	378212	5	164289	11	34133	25
ESC_KB9716AA_AS	5260180	132	39849.85	763470	172	345	2	264618	6	166730	11	31487	25
ESC_KB9720AA_AS	5341080	136	39272.65	763358	172	100	1	207029	7	136599	13	30043	28
ESC_KB9721AA_AS	5268037	122	43180.63	763470	172	345	2	264618	6	166730	11	31487	25
ESC_KB9722AA_AS	5343328	134	39875.58	779545	173	100	1	212400	7	166730	12	27672	29
ESC_KB9725AA_AS	5375090	174	30891.32	763470	205	100	1	204007	8	136599	14	27382	31
ESC_KB9726AA_AS	5202723	110	47297.48	885312	209	418	4	266103	6	177367	11	41597	22
ESC_KB9729AA_AS	5371476	161	33363.20	762935	205	100	1	204007	8	166730	14	27390	29
ESC_KB9732AA_AS	5038656	109	46226.20	853941	212	374	3	266324	6	177493	11	34953	21
ESC_KB9734AA_AS	5033120	119	42295.13	885311	185	274	2	266325	6	174357	11	41597	22
ESC_KB9735AA_AS	5346856	129	41448.50	763358	172	345	2	203908	8	143527	14	31477	28
ESC_KB9751AA_AS	5259711	128	41091.49	763470	172	100	1	264618	6	166730	11	31487	25
ESC_KB9762AA_AS	5248230	105	49983.14	763237	231	100	1	259922	6	151752	12	41579	23
ESC_KB9767AA_AS	5247447	97	54097.39	763237	231	100	1	259922	6	151752	12	41579	23
ESC_KB9768AA_AS	5247390	100	52473.90	763237	217	100	1	259922	6	151752	11	41578	22
ESC_LA4536AA_AS	5027870	210	23942.24	521520	90	75	1	203838	8	147887	14	43189	27
ESC_LA4539AA_AS	5269600	466	11308.15	316128	88	602	2	153739	13	85251	23	18286	49
ESC_LA4540AA_AS	5247912	371	14145.32	522110	90	44	1	144340	11	78210	21	25898	44
ESC_LA5735AA_AS	5129792	122	42047.48	332008	112	255	1	171799	11	101471	19	34879	35
ESC_LA5763AA_AS	4976862	47	105890.68	665785	126	0	0	240663	7	131136	13	48228	23
ESC_LA5874AA_AS	5256436	142	37017.15	702547	122	673	2	419092	5	160294	10	51379	21
ESC_LA5890AA_AS	5286004	106	49867.96	571945	128	300	1	149801	10	111567	18	49721	31
ESC_LB0076AA_AS	5226456	153	34159.84	589379	182	100	1	269958	7	177493	12	34895	24
ESC_LB0314AA_AS	5367737	139	38616.81	890603	177	301	4	280245	6	150391	10	31051	27
ESC_LB0394AA_AS	5074995	62	81854.76	763920	239	100	1	356808	5	177916	9	101261	16
ESC_LB0440AA_AS	5425864	139	39034.99	427510	192	10	1	134003	11	92887	21	32192	40
ESC_LB0692AA_AS	5212763	75	69503.51	764132	179	100	1	282220	6	177819	10	80357	18
ESC_LB2789AA_AS	5112487	59	86652.32	764131	239	110	2	360299	5	177853	9	113172	15
ESC_LB6010AA_AS	5247812	136	38586.85	734502	128	200	2	200277	8	97980	16	31043	34
ESC_NA3970AA_AS	5153367	116	44425.58	401247	128	90	1	120706	13	65116	25	29404	49
ESC_NA3971AA_AS	5264352	272	19354.24	132752	128	446	2	39298	39	25976	71	11309	131
ESC_NA3972AA_AS	5049245	186	27146.48	181432	128	207	2	64072	24	38337	45	16037	84
ESC_NA3973AA_AS	5274935	180	29305.19	187780	128	110	1	72953	24	39817	44	18773	82
ESC_NA3974AA_AS	5215133	122	42746.99	322147	128	197	2	115088	14	87734	25	25508	49
ESC_NA3975AA_AS	5337099	265	20140.00	228549	128	0	0	83109	24	41122	42	15840	81
ESC_NA3976AA_AS	5185785	163	31814.63	527774	90	1220	2	193256	9	115763	16	31902	29
ESC_NA3979AA_AS	5162236	198	26071.90	490726	98	1187	3	183628	9	114949	17	30975	32
ESC_NA3980AA_AS	5245719	163	32182.33	263594	128	140	1	99955	17	54973	31	25236	59
ESC_NA3982AA_AS	5321969	118	45101.43	353550	128	9	1	132121	12	93345	21	37886	37
ESC_NA3983AA_AS	5316144	340	15635.72	338370	128	34	1	134916	13	66295	24	18382	51
ESC_NA3984AA_AS	5234286	214	24459.28	505146	128	0	0	163078	9	113286	17	33464	35
ESC_NA3985AA_AS	4921750	123	40014.23	318185	128	208	1	89590	13	52491	28	26936	55
ESC_NA3987AA_AS	5160255	163	31658.01	519409	128	85	1	151173	11	102139	18	31708	36
ESC_NA3988AA_AS	5316128	487	10916.07	359352	128	0	0	120093	15	65279	27	18559	58
ESC_NA3989AA_AS	5231605	146	35832.91	519313	128	57	1	174934	10	129558	17	32191	32
ESC_NA3990AA_AS	5358775	157	34132.32	625550	128	166	1	156594	11	80083	21	33389	43
ESC_NA3991AA_AS	5217030	221	23606.47	627770	128	0	0	133050	12	76895	22	30043	45
ESC_NA3992AA_AS	5345968	132	40499.76	504366	128	62	1	150456	10	120769	17	31051	34
ESC_NA3993AA_AS	5095696	95	53638.91	674102	128	0	0	268770	6	178118	11	61570	19
ESC_NA3994AA_AS	5207011	132	39447.05	332815	128	145	1	130513	14	73974	25	29300	47
ESC_NA3995AA_AS	5124585	139	36867.52	475137	128	0	0	135027	12	92420	21	35359	37
ESC_NA3996AA_AS	5093060	195	26118.26	280556	128	184	1	55363	28	34758	51	15920	93
ESC_NA3997AA_AS	5135037	195	26333.52	358852	128	70	1	110316	13	63361	26	17179	57
ESC_NA3999AA_AS	5179712	355	14590.74	117965	128	10	1	34922	45	24701	80	9372	145
ESC_NA4000AA_AS	5188089	240	21617.04	157371	128	186	1	49926	31	31987	57	13330	110
ESC_NA4001AA_AS	5015386	155	32357.33	364833	128	472	3	87406	16	47491	33	21207	64
ESC_NA4002AA_AS	5010526	182	27530.36	364576	128	520	2	84834	18	46118	35	17367	67
ESC_NA4003AA_AS	5194347	188	27629.51	224824	128	103	1	59684	28	38152	50	19351	87
ESC_NA4004AA_AS	5223263	143	36526.31	504431	128	106	1	131546	13	73417	23	21375	52
ESC_NA4005AA_AS	5187134	251	20665.87	144021	128	177	1	46575	34	27886	63	11621	117
ESC_NA4006AA_AS	4962725	93	53362.63	629872	104	364	2	217272	6	154802	12	55889	22
ESC_NA4008AA_AS	4955481	64	77429.39	1054258	95	430	3	358348	5	220032	8	113333	14
ESC_NA4009AA_AS	5143802	151	34064.91	408902	162	6	1	203930	9	126101	15	30097	33
ESC_NA4010AA_AS	5189805	285	18209.84	235723	128	0	0	58707	28	33152	51	12201	104
ESC_NA4012AA_AS	5188155	83	62507.89	394234	128	193	1	230262	9	137693	15	42017	27
ESC_NA4013AA_AS	5081947	46	110477.11	764231	128	80	1	342984	5	282273	8	113710	15
ESC_NA4015AA_AS	5270679	121	43559.33	322549	128	525	2	114018	14	78153	25	35137	46
ESC_NA4016AA_AS	5234641	62	84429.69	694829	128	193	1	335419	6	155023	12	73017	21
ESC_NA4018AA_AS	5004851	143	34998.96	289981	128	139	1	103695	16	49911	31	20158	60
ESC_NA4019AA_AS	5186432	144	36016.89	752107	128	419	2	234921	7	167927	12	35824	23
ESC_NA4020AA_AS	5256181	166	31663.74	422349	128	1288	6	220247	9	140369	15	31051	28
ESC_NA4021AA_AS	5283752	117	45160.27	632405	128	192	1	342975	6	113808	12	42138	25
ESC_NA4022AA_AS	5163213	77	67054.71	802298	128	205	1	242370	6	136296	12	44455	25
ESC_NA4023AA_AS	5110137	72	70974.12	687291	128	386	2	271528	7	170787	12	66259	21
ESC_NA4024AA_AS	5143788	123	41819.41	271757	128	183	1	125620	14	73528	24	30043	45
ESC_NA4025AA_AS	5167666	231	22370.85	391203	128	123	1	86913	19	49737	33	16931	65
ESC_NA4026AA_AS	5190817	42	123590.88	1258628	128	169	1	522721	3	230119	7	129323	12
ESC_NA4027AA_AS	5098358	62	82231.58	635102	128	54	1	360348	5	204013	9	92987	16
ESC_NA4028AA_AS	5268045	106	49698.54	674252	128	135	1	268774	7	129499	12	53314	23
ESC_NA4029AA_AS	5012092	125	40096.74	251831	128	74	1	87660	18	59111	32	24550	58
ESC_NA4030AA_AS	5270506	102	51671.63	674198	128	206	1	294829	6	156759	11	62324	21
ESC_NA4031AA_AS	5162988	50	103259.76	807980	128	214	1	360395	5	204008	8	113706	15
ESC_NA4032AA_AS	5228499	273	19152.01	329522	128	0	0	108428	15	67356	28	26583	53
ESC_NA4033AA_AS	5182085	144	35986.70	662457	128	832	5	204007	9	129317	15	32193	26
ESC_NA4034AA_AS	5061553	72	70299.35	627055	121	170	1	360396	6	204009	9	51014	20
ESC_NA4035AA_AS	5176574	85	60900.87	537195	128	19	1	204006	7	129611	13	51334	24
ESC_NA4036AA_AS	5169686	92	56192.24	569549	128	71	1	302823	7	169087	11	81673	20
ESC_NA4037AA_AS	5169001	71	72802.83	459170	128	66	1	268804	7	204006	11	41597	20
ESC_NA4038AA_AS	5182395	127	40806.26	587997	128	10	1	149617	11	88990	20	35661	38
ESC_NA4040AA_AS	5035985	116	43413.66	287801	128	155	1	91077	15	67491	28	28672	50
ESC_NA4043AA_AS	5443613	792	6873.25	338213	128	0	0	66103	21	41432	42	11306	88
ESC_NA4044AA_AS	5096711	132	38611.45	426244	128	51	1	111340	16	71545	27	29592	49
ESC_NA4045AA_AS	5220608	162	32225.98	354990	128	28	1	110733	16	68108	28	19822	57
ESC_NA4046AA_AS	5178647	122	42447.93	494177	128	106	1	156613	10	113030	18	40001	31
ESC_NA4048AA_AS	5234868	232	22564.09	271453	128	174	1	65444	26	39770	46	12781	92
ESC_NA4049AA_AS	5160549	174	29658.33	408872	128	271	2	144727	12	101008	21	30262	38
ESC_NA4051AA_AS	5158194	91	56683.45	439962	128	63	1	138292	11	108268	19	42978	32
ESC_NA4052AA_AS	5408119	344	15721.28	143417	128	0	0	59204	31	34240	55	13040	105
ESC_NA4053AA_AS	5360331	289	18547.86	168187	128	171	1	38742	38	26576	71	11092	132
ESC_NA4054AA_AS	5001158	173	28908.43	170008	128	176	1	72618	23	50262	39	17717	73
ESC_NA4055AA_AS	5217269	155	33659.80	625670	128	147	1	140010	9	109768	17	34168	35
ESC_NA4056AA_AS	5317924	317	16775.79	625670	128	10	1	169953	10	113962	17	31051	36
ESC_NA4057AA_AS	5177834	180	28765.74	490953	128	0	0	158282	10	106932	19	34116	36
ESC_NA4058AA_AS	5344013	210	25447.68	504794	128	0	0	144982	12	91424	21	32003	41
ESC_NA4059AA_AS	5131443	102	50308.26	406492	128	72	1	191189	10	132544	16	38227	30
ESC_NA4060AA_AS	5208986	225	23151.05	294450	128	327	2	111762	16	59914	29	17987	58
ESC_NA4061AA_AS	5274435	289	18250.64	436529	128	0	0	177073	10	108357	18	29102	37
ESC_NA4062AA_AS	5195387	157	33091.64	763805	95	272	2	358331	5	157747	11	43967	21
ESC_NA4063AA_AS	5229221	165	31692.25	237189	128	127	1	105236	18	67196	30	24248	56
ESC_NA4064AA_AS	5513981	312	17673.02	237948	128	2	1	57399	28	34471	53	10343	105
ESC_NA4065AA_AS	5026653	327	15372.03	344249	128	61	1	99310	17	67205	29	25349	56
ESC_NA4066AA_AS	5339866	167	31975.25	491175	128	86	1	162637	10	117814	17	27460	36
ESC_NA4067AA_AS	5229026	119	43941.39	395718	128	173	1	120852	15	88050	25	34270	42
ESC_NA4068AA_AS	5229579	94	55633.82	504651	128	154	1	178222	10	132006	17	40029	29
ESC_NA4069AA_AS	5213741	167	31220.01	330876	128	100	1	88870	20	50907	36	17258	69
ESC_NA4070AA_AS	5256331	254	20694.22	368844	128	189	1	107675	17	56140	30	18760	61
ESC_NA4071AA_AS	5287788	144	36720.75	234931	128	112	1	110287	17	62146	30	26228	58
ESC_NA4072AA_AS	5215533	135	38633.58	300555	128	111	1	110070	16	59813	29	29103	53
ESC_PA1111AA_AS	5260131	96	54793.03	459723	128	212	2	149771	10	113940	18	32193	33
ESC_PA1355AA_AS	5084529	56	90795.16	764241	128	137	1	360511	5	203920	8	106751	15
ESC_PA1356AA_AS	5138521	114	45074.75	772691	128	136	1	338220	5	173599	10	69203	18
ESC_PA7839AA_AS	5386427	310	17375.57	230766	133	839	3	64086	25	33132	49	9737	103
ESC_QA2182AA_AS	5021527	324	15498.54	115773	128	157	1	31730	50	19899	90	8188	173
ESC_QA2890AA_AS	4621996	587	7873.93	67250	76	332	2	17502	88	10361	158	4293	297
ESC_QA3565AA_AS	5346224	91	58749.71	974725	128	385	1	303184	6	263660	9	62824	19
ESC_QA3671AA_AS	4969654	194	25616.77	418702	128	0	0	132050	12	96893	20	23847	40
ESC_QA3675AA_AS	5248138	171	30690.87	489867	126	295	1	204002	9	113159	16	32913	31
ESC_QA3677AA_AS	5315215	131	40574.16	702646	121	183	1	269062	7	155659	12	47414	22
ESC_QA5163AA_AS	5116397	142	36030.96	761642	128	230	1	281970	6	150549	12	43163	21
ESC_QA5188AA_AS	5269379	222	23735.94	573796	128	99	1	268994	7	148050	13	23893	31
ESC_QA5199AA_AS	5169127	94	54990.71	322984	128	358	2	171820	11	117472	18	49721	29
ESC_QA5208AA_AS	5146390	149	34539.53	268390	128	106	1	97930	16	58992	30	21466	60
ESC_QA5378AA_AS	5211244	100	52112.44	764366	128	139	1	178117	8	125984	15	35386	29
ESC_QA5479AA_AS	5187689	154	33686.29	268942	128	39	2	105831	16	62672	28	20638	57
ESC_QA5498AA_AS	5071484	94	53951.96	763998	128	10	1	157168	8	123585	15	39934	30
ESC_QA5539AA_AS	5271781	205	25716.00	228413	128	144	2	74818	22	43924	41	18492	75
ESC_QA5645AA_AS	5233438	60	87223.97	733963	128	146	1	295531	6	148558	12	91825	20
ESC_QA5905AA_AS	5118768	83	61671.90	763998	128	159	1	266962	6	180806	10	113735	17
ESC_QA5908AA_AS	5299331	210	25234.91	776165	128	75	1	287025	6	160987	11	32193	23
ESC_QA5919AA_AS	5229676	136	38453.50	426144	128	80	1	180031	9	134866	15	33923	29
ESC_QA6460AA_AS	5150701	111	46402.71	241106	128	18	1	129751	14	90798	23	30043	42
ESC_QA6616AA_AS	5103943	204	25019.33	152941	128	141	2	50011	32	32487	57	14073	100
ESC_QA6930AA_AS	5236317	131	39971.89	548686	128	511	3	172105	10	122125	17	42017	29
ESC_QA7345AA_AS	5084610	236	21544.96	228430	128	142	1	58727	28	34464	52	14196	100
ESC_QA7385AA_AS	5254520	124	42375.16	508902	73	641	3	176035	10	94435	18	31051	36
ESC_QA7392AA_AS	5125321	107	47900.20	517771	128	0	0	134006	11	85835	21	39339	38
ESC_QA7436AA_AS	5119626	237	21601.80	203067	128	138	1	60526	27	35500	50	14356	92
ESC_QA7440AA_AS	5190262	128	40548.92	517770	141	635	4	227437	8	138212	13	42017	25
ESC_QA7446AA_AS	5341080	202	26440.99	406811	128	0	0	152267	11	114069	20	33710	36
ESC_QA7591AA_AS	5114939	253	20217.15	220512	128	38	1	64740	25	35315	47	14105	91
ESC_QA7811AA_AS	5162040	104	49635.00	450314	128	121	1	155302	10	109725	19	39776	34
ESC_QA7860AA_AS	5241775	222	23611.60	318501	128	250	2	86628	21	47416	38	14969	76
ESC_QA7877AA_AS	5000793	219	22834.67	209461	128	182	2	51810	30	33126	55	13426	101
ESC_QA7878AA_AS	5202609	231	22522.12	278032	128	157	1	64460	24	42139	43	16039	78
ESC_QA7942AA_AS	5182462	230	22532.44	139404	128	166	3	59456	29	34365	52	13740	98
ESC_QA7947AA_AS	5071775	229	22147.49	132389	128	171	1	50838	33	33358	56	14357	101
ESC_QA7981AA_AS	5274709	149	35400.73	336255	128	0	0	124302	13	66390	24	28324	49
ESC_QA8120AA_AS	5120095	163	31411.63	764061	128	0	0	228402	6	132028	12	51573	21
ESC_QA8121AA_AS	5205717	177	29410.83	573880	128	52	1	204007	8	140867	14	29921	31
ESC_QA8168AA_AS	5144914	193	26657.59	422776	128	114	1	115085	15	62365	27	20201	56
ESC_QA8186AA_AS	5073462	71	71457.21	764061	128	144	1	357947	5	172164	9	85038	17
ESC_QA8859AA_AS	5187105	154	33682.50	345471	128	59	1	105590	16	58986	29	19749	59
ESC_QA8947AA_AS	5123252	70	73189.31	554907	128	126	1	265730	7	178117	11	91178	19
ESC_QA8948AA_AS	5239054	105	49895.75	491320	128	140	1	239542	8	150157	14	47464	24
ESC_QA8950AA_AS	5079159	120	42326.32	282495	128	71	1	122609	14	76328	23	36119	43
ESC_QA8963AA_AS	5290444	114	46407.40	698610	128	286	1	289141	7	191966	11	68183	20
ESC_QA9416AA_AS	5143281	93	55304.10	453157	128	146	1	239459	8	129565	14	51389	27
ESC_QA9654AA_AS	5156978	91	56670.09	451798	128	220	1	204007	8	131078	14	41597	26
ESC_RA0152AA_AS	5276893	259	20374.10	287580	128	199	2	109307	17	67919	28	15922	61
ESC_RA4044AA_AS	5097470	114	44714.65	798483	128	461	2	204005	7	124928	13	41597	26
ESC_RA4047AA_AS	5123041	70	73186.30	803430	128	298	2	342322	6	140000	11	61637	20
ESC_RA4048AA_AS	5105609	125	40844.87	853407	128	448	2	234699	7	118971	13	32200	28
ESC_RA4050AA_AS	5126170	65	78864.15	803430	128	622	2	360210	6	178117	10	102361	17
ESC_RA4068AA_AS	5122684	62	82623.94	803430	128	97	1	301871	6	174158	10	96969	19
ESC_RA4278AA_AS	5136446	120	42803.72	844777	128	615	2	213468	7	124859	14	32318	29
ESC_RA4281AA_AS	5135919	109	47118.52	844777	128	600	2	237130	7	126234	12	34201	25
ESC_RA4508AA_AS	4949006	458	10805.69	397224	82	259	1	129193	14	83808	23	25071	46
ESC_RA7116AA_AS	5253983	113	46495.42	477150	239	271	6	271723	7	110860	15	35177	30
ESC_SA0482AA_AS	5263562	93	56597.44	661133	312	20	2	340722	6	194002	10	49548	20
ESC_SA0489AA_AS	5179532	87	59534.85	381471	256	32	4	251022	9	132511	15	37601	28
ESC_SA2297AA_AS	5126243	114	44967.04	1213494	104	115	3	295894	5	130916	11	52791	23
ESC_SA2410AA_AS	5003899	115	43512.17	603596	103	435	7	296095	6	238159	9	65443	17
ESC_SA2728AA_AS	5100477	74	68925.36	604117	245	40	4	281695	6	166232	11	63997	21
ESC_SA2788AA_AS	5182872	167	31035.16	592664	106	140	5	294561	7	178046	11	58517	21
ESC_SA3661AA_AS	5096859	145	35150.75	341044	136	38	4	146819	12	76503	21	29911	43
ESC_SA4839AA_AS	5142173	90	57135.26	895371	247	38	4	237087	6	129390	11	38714	24
ESC_SA5048AA_AS	4842092	139	34835.19	373877	104	77	8	151253	11	113716	18	32130	34
ESC_SA6572AA_AS	5103810	73	69915.21	750771	172	30	3	285417	6	175294	10	47407	21
ESC_SA8243AA_AS	5383354	145	37126.58	480169	262	119	12	191864	10	113247	18	22780	37
ESC_SA8250AA_AS	5312787	134	39647.66	488750	259	202	11	191692	9	129278	15	23043	33
ESC_SA8273AA_AS	5369129	156	34417.49	381163	115	59	6	176526	11	113691	18	24157	36
ESC_SA8291AA_AS	5322243	202	26347.74	281565	118	9	1	94269	20	50284	35	21005	65
ESC_SA8296AA_AS	5321399	205	25958.04	228408	140	125	3	87351	21	43310	38	19599	73
ESC_SA8301AA_AS	5184682	143	36256.52	853526	164	160	7	194623	8	117010	15	31015	32
ESC_SA8312AA_AS	5411483	187	28938.41	492045	109	112	3	225326	8	130702	14	30068	31
ESC_TA2365AA_AS	5181243	280	18504.44	376518	68	284	11	141825	13	92355	22	26611	43
ESC_TA2436AA_AS	5132172	115	44627.58	471354	145	19	2	256052	7	118220	14	44465	26
ESC_TA2839AA_AS	5139534	132	38935.86	743585	128	120	3	233360	7	124391	13	36091	26
ESC_TA7147AA_AS	5406231	252	21453.30	411990	114	109	2	140311	11	97972	20	21283	41
ESC_TA7169AA_AS	5312015	152	34947.47	620728	132	10	1	175976	8	97353	17	34763	34
ESC_TA8195AA_AS	5072195	122	41575.37	408406	99	109	2	213452	8	145008	14	44369	27
ESC_TA8466AA_AS	5143183	74	69502.47	676614	165	125	4	342601	6	282273	9	69340	17
ESC_TA8684AA_AS	5245123	117	44830.11	572034	202	98	1	268770	7	129499	14	32190	27
ESC_TA8693AA_AS	5118053	68	75265.49	774550	179	20	2	250487	6	158139	11	63241	21
ESC_TA8694AA_AS	5084531	99	51358.90	481634	180	350	4	215707	8	159299	14	41099	27
ESC_TA8695AA_AS	5235129	88	59490.10	563500	179	106	2	282331	7	160636	12	70441	21
ESC_TA8696AA_AS	5135297	83	61871.05	630689	165	129	4	304381	6	177705	10	69340	18
ESC_TA8698AA_AS	5131469	92	55776.84	574637	168	118	3	226108	8	134684	15	43453	27
ESC_TA8700AA_AS	5299454	151	35095.72	438379	179	342	3	216879	9	106338	17	37799	34
ESC_TA8706AA_AS	5125933	110	46599.39	393872	178	10	1	158207	10	92976	19	36394	36
ESC_TA8708AA_AS	5080567	108	47042.29	411692	174	137	5	173693	9	117510	16	39545	30
ESC_TA8713AA_AS	5123249	79	64851.25	683250	167	117	3	342391	5	173693	10	88664	18
ESC_TA8716AA_AS	5323391	86	61899.90	563793	179	116	3	282686	7	164127	12	81713	21
ESC_TA8717AA_AS	5132084	78	65795.95	774419	165	139	5	286738	6	177705	10	92969	17
ESC_TA8724AA_AS	5304969	127	41771.41	371197	211	37	4	179629	9	102866	18	26895	37
ESC_TA8730AA_AS	5108489	55	92881.62	810363	239	114	3	360521	5	173158	9	106601	16
ESC_TA8731AA_AS	5060315	70	72290.21	774422	171	116	3	232610	6	177706	10	54119	19
ESC_TA8792AA_AS	5168254	112	46145.12	774413	173	9	1	344195	5	164147	10	57170	19
ESC_TA8927AA_AS	5057137	142	35613.64	414737	128	33	5	204005	9	113717	16	30043	36
ESC_TA9938AA_AS	5151809	63	81774.75	858504	214	125	5	563793	4	203902	8	113493	15
ESC_UA1505AA_AS	5151343	99	52033.77	625683	182	259	4	204081	7	139945	13	33150	25
ESC_UA1831AA_AS	5304670	84	63150.83	1434339	251	14	3	450902	3	179920	8	69387	17
ESC_VA0598AA_AS	5425229	95	57107.67	653029	169	36	4	204005	7	144784	13	41524	26
ESC_VA1064AA_AS	4974663	73	68146.07	886186	106	30	3	357777	5	203926	9	113195	16
ESC_VA3679AA_AS	5315978	151	35205.15	667314	209	127	4	204007	8	141301	14	27397	32
ESC_VA4677AA_AS	5170855	122	42384.06	793756	234	30	3	183060	8	148418	14	46499	26
ESC_VA5393AA_AS	5334492	105	50804.69	632617	215	135	5	271711	7	167812	12	53824	22
ESC_VA7372AA_AS	5338036	119	44857.45	379351	303	18	2	216051	10	87173	18	30685	39
ESC_WA0219AA_AS	5291532	164	32265.44	450835	171	411	6	189653	10	99590	18	32980	38
ESC_WA0222AA_AS	5318264	141	37718.18	676651	233	372	6	286696	6	175940	10	42428	20
ESC_WA1915AA_AS	5215620	116	44962.24	758476	128	18	2	204008	7	136982	13	40544	26
ESC_WA2637AA_AS	5152307	162	31804.36	215936	335	195	2	95282	18	49163	33	24201	62
ESC_WA2654AA_AS	5155566	90	57284.07	683445	500	109	2	268691	7	164099	12	38688	26
ESC_WA2657AA_AS	5134600	95	54048.42	505705	254	207	3	323009	7	177825	11	41996	19
ESC_WA2664AA_AS	5166742	100	51667.42	421073	254	295	3	213321	8	141027	14	39366	27
ESC_WA2673AA_AS	5120814	177	28931.15	846069	131	125	4	232594	7	147879	12	32160	29
ESC_WA6850AA_AS	5148626	98	52537.00	601977	124	222	6	281201	7	171603	11	57823	21
ESC_WA6851AA_AS	5097139	100	50971.39	582790	169	10	1	203931	8	116462	15	41521	28
ESC_WA6852AA_AS	5092648	98	51965.80	633330	124	124	4	293949	6	181771	10	53616	19
ESC_WA6853AA_AS	5093552	86	59227.35	664841	102	256	6	412082	5	203824	9	60224	17
ESC_WA6854AA_AS	5192311	126	41208.82	621675	86	98	1	264358	6	161801	11	48332	20
ESC_WA6855AA_AS	5187057	119	43588.71	489980	153	47	1	240500	7	139930	12	35001	27
ESC_WA6856AA_AS	5125738	93	55115.46	621048	103	10	1	267667	6	132478	11	51291	22
ESC_WA6857AA_AS	5128088	83	61784.19	514543	110	29	3	260624	8	129367	13	43218	25
ESC_WA6859AA_AS	5207992	102	51058.75	658925	98	217	4	282097	6	166120	11	51217	21
ESC_WA6860AA_AS	5157057	136	37919.54	561453	95	126	4	171591	9	108852	17	39370	32
ESC_WA6886AA_AS	5127120	142	36106.48	571323	109	10	1	234887	7	139401	13	32877	25
ESC_WA6887AA_AS	5200245	161	32299.66	486989	97	118	3	139297	12	82896	22	32117	41
ESC_WA6888AA_AS	5087172	72	70655.17	709671	197	20	2	281817	6	171740	11	65394	19
ESC_WA6922AA_AS	5070415	89	56970.96	561424	110	129	4	264028	7	175942	12	70624	20
ESC_WA6923AA_AS	5331459	70	76163.70	563676	128	95	9	253445	7	171757	12	88388	20
ESC_WA6924AA_AS	5022977	77	65233.47	778775	144	219	3	359974	5	178045	9	54278	18
ESC_WA6925AA_AS	5087921	80	63599.01	611855	150	580	6	281762	7	160443	12	72741	20
ESC_WA6926AA_AS	5174352	88	58799.45	765265	136	265	5	279797	6	203936	10	67187	19
ESC_WA6927AA_AS	5111179	59	86630.15	635373	295	350	8	281728	6	173340	11	74242	19
ESC_WA6928AA_AS	5052066	88	57409.84	762934	99	353	6	360147	5	177386	9	55645	18
ESC_WA6929AA_AS	5051624	83	60862.94	762846	109	112	3	412079	5	233901	8	59655	17
ESC_WA6932AA_AS	5084994	79	64367.01	764012	113	228	5	359926	5	177406	9	92741	16
ESC_WA6933AA_AS	5135957	100	51359.57	685986	110	0	0	268908	6	128626	11	42992	22
ESC_WA6970AA_AS	5111887	79	64707.43	465031	90	122	2	203912	8	152795	13	51024	25
ESC_WA6971AA_AS	5082913	125	40663.30	612317	98	337	5	294421	6	171531	10	34307	20
ESC_WA6972AA_AS	5130318	109	47067.14	663979	205	145	6	294085	6	173970	11	50239	20
ESC_WA6975AA_AS	5131129	62	82760.15	568137	231	381	7	281583	6	160088	12	55956	21
ESC_WA6976AA_AS	5085582	78	65199.77	539477	161	30	3	236087	7	191199	12	65452	22
ESC_WA6977AA_AS	5082377	90	56470.86	664572	165	17	2	310327	6	149148	11	64149	21
ESC_WA6979AA_AS	5043213	96	52533.47	625582	154	136	5	341263	6	171591	10	50743	20
ESC_WA9611AA_AS	5266981	145	36324.01	799289	200	99	1	179443	8	139588	15	31935	27
ESC_WA9986AA_AS	5139685	92	55866.14	592117	169	119	3	199926	8	122206	15	51375	26
ESC_XA0482AA_AS	5184615	61	84993.69	589550	234	108	7	282332	7	158131	13	74865	22
ESC_XA1004AA_AS	5043594	124	40674.15	309516	150	29	3	139564	13	109790	21	33351	37
ESC_XA1018AA_AS	5143837	77	66803.08	802732	128	119	3	360279	5	203915	8	113264	15
ESC_XA1050AA_AS	5061303	130	38933.10	576880	128	0	0	206284	8	124493	14	39593	27
ESC_XA1055AA_AS	5107169	84	60799.63	555276	131	8	1	268660	7	162072	12	53804	22
ESC_XA1066AA_AS	5158810	73	70668.63	785561	179	351	4	360396	5	177705	9	112642	16
ESC_XA1076AA_AS	5085653	65	78240.82	659521	179	242	2	346029	6	203914	9	74843	17
ESC_XA1079AA_AS	5123839	67	76475.21	563769	185	10	1	281985	7	171648	11	88664	19
ESC_XA1089AA_AS	5022630	92	54593.80	513009	166	99	1	287019	6	203996	10	113267	17
ESC_XA1108AA_AS	5085075	70	72643.93	779313	161	118	3	343454	5	175893	9	88664	17
ESC_XA1114AA_AS	5026671	97	51821.35	805262	173	231	1	238362	7	175961	11	34940	23
ESC_XA1115AA_AS	5077773	112	45337.26	571682	202	20	2	161070	9	114758	16	48430	27
ESC_XA1126AA_AS	4996158	104	48039.98	848190	162	29	3	264476	6	161297	11	33152	23
ESC_XA1127AA_AS	5097527	88	57926.44	459818	171	20	2	219518	8	129322	14	51899	25
ESC_XA1135AA_AS	4994066	117	42684.32	401512	160	10	1	204033	9	132762	15	39187	29
ESC_XA1141AA_AS	5222439	102	51200.38	460243	315	30	3	140088	11	84390	20	34549	40
ESC_XA1146AA_AS	5154866	98	52600.67	764749	120	120	3	282204	6	160716	11	67353	20
ESC_XA1150AA_AS	5036147	69	72987.64	766062	124	100	1	360306	5	203906	8	68293	16
ESC_XA1159AA_AS	4982141	132	37743.49	648599	182	10	1	135913	11	97963	19	31051	40
ESC_XA1162AA_AS	5107093	101	50565.28	591656	114	110	2	282304	7	157453	12	54327	22
ESC_XA1186AA_AS	5123995	73	70191.71	780270	237	97	1	268775	6	132945	11	48223	21
ESC_XA1205AA_AS	5124818	81	63269.36	763919	168	0	0	282685	6	176017	10	95630	17
ESC_XA1222AA_AS	5161017	121	42653.03	590889	225	0	0	268745	7	124316	13	51885	24
ESC_XA1223AA_AS	5168938	87	59413.08	596845	222	20	2	171830	9	129299	16	47390	30
ESC_XA1224AA_AS	5099852	74	68916.92	495367	202	20	2	285643	7	164164	12	59827	21
ESC_XA1239AA_AS	5095669	77	66177.52	540271	185	20	2	216667	8	136297	14	51525	23
ESC_XA1243AA_AS	5089804	71	71687.38	776957	128	100	1	356498	5	177819	9	67259	17
ESC_XA1246AA_AS	5030141	60	83835.68	763365	185	10	1	412095	5	204013	8	113710	15
ESC_XA1253AA_AS	5077045	65	78108.38	682337	128	10	1	346264	6	203915	9	113160	16
ESC_XA1273AA_AS	5184827	128	40506.46	409465	165	0	0	199874	9	133462	16	35984	29
ESC_XA1274AA_AS	5119563	70	73136.61	563785	179	10	1	281926	7	172007	11	88664	19
ESC_XA1293AA_AS	5043898	82	61510.95	778532	178	100	1	172009	8	128977	14	61594	25
ESC_XA1294AA_AS	5069652	62	81768.58	763823	122	110	2	356494	5	177856	9	101307	16
ESC_XA1311AA_AS	5195811	114	45577.29	516499	128	30	3	204008	9	129505	15	48430	26
ESC_XA1313AA_AS	5197412	128	40604.78	768131	128	0	0	282675	5	163915	10	50694	19
ESC_XA1321AA_AS	5100015	92	55434.95	458228	185	10	1	197765	9	116070	16	47428	29
ESC_XA1348AA_AS	5175264	133	38911.76	452372	128	0	0	174110	9	113068	17	37441	34
ESC_XA1350AA_AS	5238957	91	57570.96	595610	128	10	1	408317	6	174050	10	61610	18
ESC_XA1359AA_AS	4991184	326	15310.38	401496	120	209	3	268772	7	139971	13	33859	29
ESC_XA1360AA_AS	5158152	164	31452.15	399661	139	120	3	173451	9	129357	15	31031	30
ESC_XA1375AA_AS	5163965	85	60752.53	764007	222	0	0	282234	6	121470	12	63815	22
ESC_XA1381AA_AS	5286967	94	56244.33	625677	182	20	2	194013	8	147749	14	45889	25
ESC_XA1384AA_AS	5177561	115	45022.27	621011	186	10	1	240838	7	144306	12	52939	22
ESC_XA1393AA_AS	5284763	112	47185.38	609121	128	10	1	194013	8	131892	14	42768	27
ESC_XA1397AA_AS	5058827	130	38914.05	477280	128	109	2	174845	8	119083	15	41565	31
ESC_XA1403AA_AS	5135171	156	32917.76	422932	170	0	0	173879	9	107251	17	37489	33
ESC_XA1408AA_AS	4974608	91	54666.02	865113	182	10	1	342435	5	140327	11	41670	22
ESC_XA4718AA_AS	5152413	136	37885.39	539538	194	0	0	177017	9	96662	17	29478	36
ESC_XA7358AA_AS	5109204	116	44044.86	756605	133	20	2	174845	8	129505	14	35019	29
ESC_XA8795AA_AS	5084512	60	84741.87	763993	234	230	2	360284	5	203914	8	88664	16
ESC_YA6556AA_AS	5038659	74	68089.99	896475	106	124	4	359922	5	203937	8	113200	14
ESC_ZA6514AA_AS	5206548	87	59845.38	666135	240	50	5	261765	7	140047	12	41597	24
ESC_ZA9457AA_AS	5111219	64	79862.80	642195	251	344	4	270030	7	145561	11	53824	22
